9 15


1 河北大学南苑门口

河北大学是位于国家历史文化名城保定市，是列入教育部直属高校序列并与国家国防科技工业局和河北省人民政府“部局省合建”的重点综合性大学，“一省一校”国家重点建设大学，河北省重点支持的国家一流大学建设一层次高校。



2 主楼广场

进入河北大学，首先看到的是主楼广场，每到晚上可以看到国旗班的同学英姿飒爽的训练。



3 主楼

河北大学主楼荣获鲁班建筑奖，是河北大学标志性建筑



4 图书馆

图书馆是无数学子学习的地方，藏书丰富



5 多功能馆

社团活动的聚集地，大学生活最丰富多彩的地方



6 敏秀园

敏秀园的风景也是很好的，春夏秋冬，冬天观雪景



7 第九教学楼

河大迷宫一样的地方，许多同学都曾经迷路过



8 综合教学楼

河大当前建的最好一座教学楼



9 梅园

楼主住的地方

0 1 20

0 4 150

0 5 150

0 7 1000

1 2 200 
 
2 3 100

2 4 100

2 5 60
 
2 6 800

3 6 850

3 7 700

5 6 450

5 8 900

6 7 80

7 8 1000






